<?xml version="1.0" standalone="no"?>
        <!DOCTYPE svg PUBLIC "-//W3C//DTD SVG 20010904//EN"
         "http://www.w3.org/TR/2001/REC-SVG-20010904/DTD/svg10.dtd">
         
        <svg version="1.0" xmlns="http://www.w3.org/2000/svg"
         width="30" height="30" id="sta-casa" class="bi bi-sta-casa" viewBox="0 0 890.000000 987.000000"
         preserveAspectRatio="xMidYMid meet">
        
        <g transform="translate(0.000000,987.000000) scale(0.100000,-0.100000)"
        fill="currentColor" stroke="none">
        <path d="M1702 9859 c-503 -35 -947 -194 -1406 -503 -139 -93 -228 -173 -259
        -230 -19 -36 -22 -57 -22 -161 0 -114 2 -124 33 -194 43 -97 157 -287 185
        -306 87 -61 227 -30 452 100 55 32 215 134 355 228 142 95 304 194 365 224
        296 144 586 145 953 3 121 -47 200 -98 292 -190 71 -71 94 -101 132 -180 52
        -106 89 -229 110 -365 17 -118 18 -714 0 -875 -14 -128 -53 -424 -57 -428 -1
        -1 -36 31 -77 71 -218 215 -502 336 -884 378 -254 27 -560 -33 -840 -166 -140
        -66 -221 -121 -306 -207 -88 -89 -133 -179 -125 -249 10 -83 48 -139 152 -224
        81 -66 170 -106 237 -108 47 -1 66 6 153 53 225 120 298 150 443 180 183 37
        376 23 498 -37 210 -102 302 -387 259 -798 -36 -337 -14 -471 81 -511 75 -31
        188 -12 329 56 125 61 246 142 498 334 489 373 665 481 931 570 266 89 554 93
        794 12 366 -125 512 -383 538 -951 3 -77 1 -204 -5 -283 -17 -223 -51 -343
        -155 -549 -153 -305 -349 -576 -577 -798 -104 -101 -508 -439 -516 -432 -1 2
        4 27 12 57 42 159 44 424 5 560 -54 188 -183 388 -338 524 -246 215 -549 327
        -892 328 -295 1 -422 -39 -589 -182 -122 -104 -160 -114 -161 -41 0 40 -57
        194 -96 261 -129 221 -376 321 -712 290 -341 -32 -578 -133 -764 -328 -113
        -118 -123 -177 -54 -317 75 -151 145 -179 258 -102 81 55 172 103 223 116 96
        26 234 7 338 -45 122 -62 196 -152 224 -275 15 -66 15 -92 4 -235 -9 -119 -9
        -174 -1 -210 18 -79 73 -124 152 -124 115 0 169 37 484 324 192 176 306 232
        494 243 236 14 491 -61 590 -173 92 -105 161 -332 161 -533 1 -128 -26 -221
        -176 -618 l-58 -153 -296 -182 c-768 -473 -857 -519 -1486 -773 -270 -108
        -368 -157 -399 -198 -19 -25 -21 -41 -19 -130 2 -111 23 -239 46 -284 9 -15
        27 -39 41 -53 98 -91 526 31 1124 320 578 280 1216 632 1600 883 606 397 1072
        766 1478 1171 314 315 462 509 624 819 390 749 407 1509 46 2062 -186 283
        -399 464 -754 640 -326 160 -592 220 -870 195 -230 -20 -415 -71 -621 -170
        -68 -33 -125 -60 -128 -60 -6 0 43 84 112 191 187 288 580 647 1075 982 571
        385 924 511 1427 509 268 -1 457 -45 662 -152 323 -171 620 -501 811 -902 136
        -288 176 -509 167 -918 -20 -840 -229 -1398 -776 -2070 -480 -591 -966 -1002
        -1981 -1675 -964 -639 -1995 -1254 -3077 -1833 -671 -360 -709 -389 -721 -554
        -11 -150 68 -392 152 -466 45 -39 85 -47 167 -32 227 41 583 220 2559 1283
        1443 776 1750 966 2390 1480 779 626 1185 1038 1513 1537 370 562 570 1057
        633 1560 42 336 21 942 -47 1355 -66 396 -212 761 -458 1140 -136 210 -322
        410 -556 597 -161 128 -239 180 -370 243 -301 146 -629 227 -990 245 -598 29
        -1232 -131 -1950 -494 -469 -237 -513 -258 -552 -263 -35 -5 -42 -2 -67 28
        -15 18 -48 73 -73 123 -96 192 -236 370 -394 501 -437 364 -1080 558 -1707
        514z"/>
        </g>
        </svg>